ncols: 100
nrows: 100
xllcorner    0
yllcorner     0
cellsize      3
NODATA_value   -32768
-32768 1874 1877 1881 1881 1880 1883 1893 1901 1905 1907 1910 1912 1914 1915 1917 1918 1918 1917 1916 1915 1917 1923 1928 1927 1925 1925 1926 1929 1930 1930 1930 1930 1931 1932 1931 1931 1934 1937 1939 1941 1941 1942 1942 1942 1941 1942 1942 1945 1946 1947 1946 1945 1946 1947 1946 1942 1939 1938 1939 1942 1946 1947 1947 1946 1947 1948 1950 1952 1952 1952 1952 1951 1951 1949 1949 1952 1955 1955 1956 1958 1960 1961 1962 1963 1964 1965 1966 1968 1971 1975 1977 1978 1979 1979 1979 1977 1975 1972 1970 
-32768 1886 1890 1894 1895 1894 1895 1900 1907 1912 1912 1911 1912 1916 1918 1919 1921 1920 1920 1920 1920 1921 1926 1932 1930 1927 1926 1926 1928 1932 1932 1933 1933 1934 1935 1934 1933 1934 1937 1939 1940 1940 1941 1941 1941 1941 1941 1942 1943 1945 1946 1945 1945 1946 1946 1946 1944 1942 1940 1941 1944 1947 1947 1945 1944 1945 1946 1948 1950 1950 1950 1949 1948 1948 1948 1947 1951 1955 1957 1957 1958 1959 1960 1961 1964 1968 1970 1972 1972 1972 1974 1976 1977 1978 1979 1976 1974 1973 1971 1970 
-32768 1895 1899 1901 1902 1900 1900 1903 1907 1913 1918 1917 1917 1920 1921 1922 1923 1924 1924 1924 1924 1925 1928 1931 1932 1928 1926 1927 1929 1932 1935 1935 1934 1934 1935 1934 1932 1934 1936 1937 1938 1938 1939 1940 1940 1939 1940 1940 1942 1943 1943 1943 1943 1944 1945 1945 1944 1943 1941 1942 1943 1945 1945 1943 1940 1941 1943 1946 1948 1948 1948 1947 1946 1946 1947 1947 1949 1954 1956 1958 1958 1959 1960 1962 1965 1969 1974 1976 1976 1975 1975 1976 1977 1978 1978 1977 1974 1973 1971 1970 
-32768 1897 1903 1907 1908 1909 1911 1913 1915 1919 1923 1924 1924 1925 1926 1927 1929 1928 1928 1927 1926 1926 1927 1927 1927 1926 1925 1925 1926 1929 1931 1933 1932 1931 1931 1930 1929 1932 1934 1936 1936 1937 1937 1939 1940 1939 1938 1938 1939 1940 1942 1942 1942 1942 1942 1942 1941 1941 1940 1939 1939 1941 1943 1942 1941 1941 1943 1946 1948 1949 1948 1946 1945 1945 1946 1948 1949 1952 1956 1957 1958 1959 1961 1964 1966 1970 1974 1977 1978 1976 1976 1977 1978 1978 1978 1977 1977 1975 1974 1973 
-32768 1899 1905 1910 1912 1914 1917 1921 1924 1925 1926 1926 1925 1926 1929 1931 1932 1933 1929 1926 1926 1926 1922 1919 1918 1919 1920 1920 1922 1924 1926 1927 1928 1928 1928 1927 1927 1928 1932 1934 1935 1937 1938 1938 1939 1938 1936 1935 1935 1937 1941 1943 1942 1940 1938 1937 1938 1939 1938 1937 1936 1937 1940 1943 1943 1943 1944 1944 1946 1947 1946 1945 1944 1944 1945 1948 1951 1952 1954 1956 1957 1958 1962 1965 1966 1968 1973 1977 1979 1979 1979 1980 1980 1980 1981 1981 1979 1979 1977 1976 
-32768 1906 1913 1917 1918 1917 1920 1926 1929 1929 1927 1926 1926 1927 1929 1930 1931 1931 1928 1925 1924 1923 1919 1915 1913 1915 1917 1917 1917 1919 1921 1922 1923 1925 1925 1924 1924 1926 1928 1931 1933 1935 1936 1936 1933 1932 1933 1933 1934 1936 1939 1941 1940 1937 1936 1936 1937 1937 1935 1934 1934 1936 1938 1940 1941 1942 1943 1945 1945 1946 1945 1944 1944 1944 1946 1949 1952 1953 1954 1955 1957 1959 1962 1964 1965 1966 1970 1974 1977 1980 1982 1982 1982 1982 1982 1982 1981 1981 1979 1978 
-32768 1913 1917 1920 1923 1922 1923 1927 1930 1931 1931 1930 1929 1929 1929 1930 1929 1928 1926 1924 1922 1920 1917 1913 1911 1912 1914 1913 1913 1914 1916 1918 1919 1921 1923 1923 1923 1923 1925 1928 1929 1931 1933 1932 1930 1928 1929 1930 1931 1933 1934 1936 1936 1935 1934 1935 1935 1934 1933 1933 1935 1937 1939 1940 1940 1941 1943 1944 1944 1944 1944 1944 1946 1947 1949 1951 1954 1954 1955 1957 1958 1958 1960 1962 1962 1963 1967 1972 1975 1978 1980 1982 1982 1983 1983 1982 1981 1981 1980 1979 
-32768 1918 1920 1923 1926 1927 1927 1927 1927 1928 1929 1930 1930 1929 1929 1929 1928 1926 1924 1921 1919 1916 1913 1910 1908 1908 1909 1911 1913 1914 1915 1915 1916 1917 1919 1922 1923 1923 1924 1925 1926 1926 1927 1928 1927 1926 1925 1926 1927 1930 1932 1935 1935 1934 1932 1931 1931 1931 1932 1933 1935 1938 1941 1940 1939 1939 1940 1941 1942 1942 1943 1944 1947 1950 1952 1954 1955 1957 1957 1956 1957 1958 1960 1961 1962 1963 1966 1971 1974 1976 1978 1981 1984 1985 1985 1984 1982 1981 1981 1980 
-32768 1921 1924 1925 1927 1927 1926 1925 1924 1925 1927 1928 1928 1927 1926 1925 1925 1921 1916 1913 1913 1913 1910 1907 1904 1902 1902 1904 1910 1912 1913 1913 1914 1917 1919 1921 1923 1924 1925 1926 1926 1927 1926 1925 1922 1922 1923 1925 1926 1926 1929 1931 1933 1933 1932 1931 1929 1929 1930 1932 1935 1937 1940 1939 1938 1937 1938 1939 1940 1941 1943 1945 1948 1951 1953 1954 1956 1957 1957 1956 1955 1958 1960 1961 1961 1964 1967 1969 1971 1975 1977 1979 1982 1984 1985 1985 1983 1982 1981 1980 
-32768 1921 1924 1925 1925 1924 1922 1920 1920 1921 1924 1926 1926 1925 1923 1920 1919 1916 1910 1907 1907 1907 1905 1903 1901 1899 1896 1898 1901 1908 1911 1911 1912 1914 1917 1920 1923 1925 1927 1927 1926 1926 1925 1924 1920 1917 1918 1921 1924 1924 1925 1925 1926 1928 1930 1929 1928 1927 1929 1931 1934 1936 1937 1937 1937 1937 1938 1939 1941 1942 1943 1945 1947 1950 1952 1952 1952 1954 1954 1955 1956 1958 1960 1960 1961 1964 1966 1968 1971 1974 1976 1977 1980 1982 1983 1984 1984 1983 1982 1980 
-32768 1922 1923 1923 1923 1921 1918 1916 1916 1917 1920 1923 1921 1919 1917 1913 1908 1905 1903 1900 1899 1898 1893 1891 1892 1892 1889 1888 1899 1907 1910 1910 1911 1913 1915 1916 1920 1924 1924 1925 1925 1924 1923 1921 1918 1916 1916 1919 1922 1925 1926 1925 1924 1925 1927 1927 1927 1927 1930 1933 1936 1936 1936 1936 1937 1938 1939 1942 1946 1948 1947 1947 1947 1949 1950 1950 1950 1951 1952 1953 1955 1957 1960 1961 1962 1963 1965 1968 1971 1974 1976 1977 1978 1979 1982 1983 1984 1983 1982 1981 
-32768 1922 1922 1920 1920 1918 1916 1913 1912 1914 1916 1916 1911 1908 1905 1900 1895 1890 1886 1882 1880 1874 1868 1863 1861 1861 1864 1867 1879 1895 1904 1906 1908 1911 1914 1915 1915 1918 1919 1919 1921 1922 1921 1919 1918 1917 1917 1918 1922 1925 1926 1925 1923 1923 1925 1925 1924 1927 1933 1936 1938 1939 1937 1936 1936 1938 1941 1944 1949 1952 1952 1951 1949 1950 1951 1952 1953 1953 1954 1954 1955 1957 1960 1963 1964 1965 1966 1969 1972 1976 1978 1979 1978 1978 1979 1983 1984 1984 1984 1984 
-32768 1921 1918 1915 1913 1913 1912 1909 1906 1902 1903 1894 1889 1882 1878 1868 1865 1861 1854 1846 1841 1844 1839 1837 1840 1841 1842 1840 1847 1866 1881 1889 1899 1906 1911 1913 1914 1915 1915 1916 1918 1920 1920 1918 1917 1917 1917 1918 1918 1922 1924 1925 1923 1923 1923 1923 1923 1927 1933 1938 1941 1941 1940 1939 1938 1938 1940 1945 1949 1953 1954 1953 1953 1952 1953 1954 1955 1957 1958 1959 1959 1961 1962 1964 1966 1966 1968 1970 1973 1976 1979 1979 1978 1977 1979 1982 1985 1986 1986 1985 
-32768 1917 1914 1911 1908 1904 1900 1894 1888 1873 1855 1849 1851 1848 1833 1831 1833 1832 1830 1829 1829 1828 1827 1828 1830 1833 1835 1839 1840 1842 1843 1856 1880 1897 1906 1910 1912 1914 1914 1914 1916 1919 1920 1919 1917 1917 1918 1920 1921 1922 1925 1926 1926 1925 1925 1925 1926 1929 1936 1942 1945 1945 1944 1942 1941 1940 1940 1945 1949 1951 1952 1954 1954 1954 1954 1955 1957 1959 1960 1960 1962 1963 1965 1966 1967 1967 1969 1971 1974 1977 1978 1979 1979 1979 1979 1982 1985 1986 1985 1984 
-32768 1912 1909 1908 1903 1893 1874 1863 1853 1843 1834 1827 1826 1822 1819 1818 1820 1822 1820 1819 1819 1819 1821 1824 1829 1836 1842 1845 1845 1845 1844 1846 1866 1890 1901 1906 1912 1914 1914 1913 1915 1916 1917 1917 1917 1917 1917 1919 1924 1927 1929 1930 1930 1929 1928 1928 1929 1933 1936 1940 1943 1946 1947 1945 1945 1944 1944 1945 1948 1950 1952 1955 1956 1956 1956 1957 1959 1960 1960 1962 1963 1966 1968 1969 1969 1969 1969 1970 1971 1973 1976 1977 1978 1980 1981 1982 1984 1985 1985 1984 
-32768 1904 1898 1894 1884 1866 1852 1841 1835 1829 1824 1822 1818 1812 1807 1805 1808 1809 1810 1811 1817 1823 1830 1835 1841 1848 1854 1857 1855 1853 1860 1868 1871 1878 1876 1875 1890 1905 1909 1911 1910 1911 1911 1911 1914 1916 1917 1920 1926 1931 1933 1934 1934 1933 1930 1930 1933 1935 1936 1936 1940 1944 1947 1947 1947 1947 1946 1947 1949 1951 1953 1954 1956 1956 1957 1959 1961 1962 1962 1962 1964 1966 1968 1968 1969 1969 1967 1967 1968 1969 1972 1974 1976 1978 1979 1981 1983 1984 1984 1983 
-32768 1887 1879 1870 1858 1849 1839 1832 1824 1818 1813 1808 1803 1801 1800 1802 1805 1806 1809 1815 1824 1836 1849 1859 1866 1869 1870 1871 1869 1868 1874 1881 1879 1874 1872 1871 1879 1885 1889 1898 1905 1910 1910 1910 1912 1917 1922 1927 1929 1931 1934 1936 1939 1938 1935 1932 1933 1937 1940 1941 1943 1946 1948 1949 1948 1948 1948 1948 1949 1952 1952 1952 1954 1955 1957 1960 1961 1962 1962 1962 1963 1966 1966 1967 1967 1967 1965 1965 1966 1967 1970 1973 1974 1975 1976 1976 1978 1980 1981 1980 
-32768 1853 1848 1840 1836 1831 1826 1817 1809 1804 1799 1795 1793 1794 1796 1804 1810 1814 1819 1827 1834 1843 1857 1878 1888 1892 1893 1889 1886 1887 1889 1890 1885 1879 1876 1879 1882 1886 1893 1903 1911 1913 1913 1914 1916 1919 1925 1928 1931 1932 1935 1941 1943 1943 1941 1937 1937 1941 1945 1947 1948 1949 1950 1949 1949 1949 1949 1949 1951 1952 1952 1952 1954 1958 1960 1961 1962 1961 1960 1960 1961 1963 1964 1964 1966 1965 1965 1965 1966 1967 1968 1970 1972 1974 1974 1973 1975 1977 1978 1976 
-32768 1827 1820 1815 1809 1805 1802 1799 1797 1797 1796 1797 1798 1799 1802 1808 1814 1821 1830 1841 1850 1858 1876 1890 1899 1902 1904 1905 1904 1902 1903 1901 1899 1895 1893 1892 1892 1894 1902 1909 1915 1917 1918 1920 1922 1923 1926 1928 1931 1935 1937 1941 1945 1946 1945 1944 1944 1947 1949 1948 1947 1947 1948 1949 1949 1948 1948 1950 1952 1953 1953 1954 1956 1959 1961 1962 1962 1961 1960 1959 1960 1961 1961 1960 1961 1962 1964 1967 1968 1968 1967 1967 1969 1972 1972 1972 1973 1975 1976 1975 
-32768 1814 1807 1800 1794 1789 1788 1788 1792 1799 1803 1808 1810 1810 1809 1813 1820 1828 1842 1858 1871 1884 1896 1905 1907 1907 1910 1913 1917 1918 1916 1914 1913 1914 1915 1912 1908 1909 1913 1917 1920 1922 1923 1924 1925 1926 1927 1930 1934 1938 1940 1943 1945 1946 1947 1947 1948 1949 1949 1947 1945 1944 1947 1949 1951 1949 1947 1950 1953 1955 1955 1956 1958 1958 1960 1960 1960 1960 1959 1959 1959 1959 1959 1958 1959 1961 1964 1966 1967 1967 1967 1966 1968 1970 1971 1970 1971 1973 1973 1973 
-32768 1806 1799 1792 1787 1787 1790 1795 1802 1811 1819 1823 1823 1819 1817 1817 1835 1851 1859 1873 1887 1901 1910 1915 1913 1912 1913 1917 1919 1920 1921 1922 1921 1922 1925 1923 1921 1921 1922 1924 1926 1927 1928 1930 1931 1931 1932 1933 1937 1940 1942 1945 1947 1947 1946 1945 1946 1948 1948 1946 1944 1944 1945 1949 1950 1949 1947 1947 1950 1951 1953 1956 1957 1958 1958 1959 1959 1958 1958 1957 1957 1956 1957 1957 1959 1960 1962 1964 1964 1965 1965 1966 1967 1968 1969 1969 1970 1970 1970 1971 
-32768 1795 1791 1789 1787 1791 1797 1806 1817 1825 1833 1836 1838 1836 1838 1852 1868 1877 1884 1891 1897 1905 1913 1917 1917 1916 1916 1918 1921 1924 1927 1928 1927 1926 1927 1928 1927 1927 1928 1930 1931 1933 1935 1936 1937 1938 1938 1937 1937 1940 1942 1944 1945 1945 1945 1944 1944 1946 1947 1947 1945 1944 1945 1947 1950 1949 1946 1946 1947 1949 1953 1958 1959 1959 1959 1959 1958 1958 1957 1956 1955 1955 1956 1957 1958 1959 1960 1960 1962 1962 1963 1963 1964 1966 1968 1969 1969 1969 1969 1969 
-32768 1785 1787 1790 1793 1800 1808 1819 1830 1841 1848 1853 1856 1867 1877 1882 1886 1892 1898 1904 1909 1913 1916 1920 1923 1923 1924 1924 1926 1928 1931 1933 1933 1932 1933 1933 1932 1933 1933 1933 1934 1936 1938 1939 1939 1938 1938 1937 1939 1940 1942 1942 1941 1941 1942 1942 1943 1946 1948 1947 1945 1944 1944 1947 1949 1951 1951 1950 1950 1950 1952 1957 1960 1960 1959 1958 1958 1957 1956 1955 1954 1954 1956 1958 1957 1958 1959 1960 1961 1962 1962 1963 1964 1966 1968 1969 1969 1967 1968 1968 
-32768 1781 1786 1791 1798 1810 1823 1835 1846 1857 1868 1876 1890 1899 1898 1899 1901 1902 1907 1911 1915 1920 1925 1927 1928 1928 1927 1929 1929 1929 1932 1935 1936 1936 1936 1936 1936 1935 1935 1935 1935 1937 1938 1938 1938 1939 1939 1938 1939 1941 1941 1941 1941 1941 1941 1942 1943 1944 1946 1946 1944 1944 1944 1945 1948 1951 1953 1954 1953 1951 1951 1955 1958 1958 1956 1956 1956 1955 1954 1952 1952 1953 1954 1956 1958 1958 1960 1961 1962 1962 1964 1965 1966 1967 1967 1968 1967 1967 1967 1968 
-32768 1785 1789 1793 1802 1816 1831 1846 1864 1877 1888 1897 1902 1908 1913 1914 1913 1911 1910 1913 1917 1922 1928 1931 1932 1930 1928 1928 1929 1930 1932 1935 1937 1937 1937 1937 1937 1936 1935 1934 1935 1936 1937 1938 1939 1940 1940 1939 1939 1940 1940 1940 1940 1940 1941 1942 1943 1943 1943 1944 1946 1945 1945 1945 1947 1949 1953 1954 1954 1953 1952 1953 1956 1956 1954 1953 1953 1952 1950 1949 1950 1952 1954 1956 1958 1960 1961 1962 1962 1963 1964 1965 1966 1966 1967 1966 1966 1965 1965 1965 
-32768 1795 1799 1803 1809 1821 1837 1861 1883 1896 1902 1905 1907 1911 1918 1921 1919 1916 1914 1914 1918 1921 1924 1927 1928 1927 1927 1927 1929 1930 1932 1933 1934 1935 1935 1936 1936 1936 1935 1933 1933 1935 1937 1938 1939 1938 1937 1937 1937 1938 1939 1940 1940 1940 1939 1940 1941 1942 1943 1944 1945 1946 1945 1946 1947 1949 1951 1954 1956 1956 1954 1954 1954 1954 1953 1952 1951 1949 1947 1947 1949 1952 1954 1956 1958 1960 1961 1961 1961 1962 1964 1964 1965 1966 1966 1966 1965 1964 1962 1962 
-32768 1804 1809 1816 1824 1836 1857 1877 1894 1904 1907 1910 1912 1913 1918 1923 1922 1920 1918 1919 1921 1921 1920 1920 1921 1920 1919 1922 1926 1929 1929 1929 1930 1931 1933 1934 1935 1936 1936 1935 1933 1934 1936 1937 1937 1935 1935 1935 1935 1935 1937 1939 1938 1938 1939 1939 1941 1943 1943 1944 1945 1946 1947 1949 1950 1950 1951 1953 1956 1957 1956 1953 1952 1952 1952 1951 1950 1949 1947 1945 1949 1953 1956 1956 1957 1959 1959 1960 1960 1961 1963 1965 1966 1967 1966 1965 1963 1962 1961 1961 
-32768 1821 1819 1825 1836 1851 1872 1889 1902 1908 1911 1915 1918 1919 1921 1923 1924 1923 1922 1922 1922 1920 1916 1914 1914 1915 1915 1918 1923 1927 1929 1928 1928 1930 1931 1933 1934 1935 1936 1936 1934 1932 1932 1932 1929 1927 1929 1933 1933 1933 1934 1935 1935 1934 1936 1939 1941 1943 1945 1946 1947 1947 1949 1952 1954 1953 1952 1952 1954 1957 1956 1953 1951 1950 1949 1948 1948 1949 1948 1947 1948 1951 1954 1956 1958 1959 1959 1959 1960 1961 1963 1965 1966 1967 1968 1967 1965 1962 1961 1961 
-32768 1845 1842 1840 1853 1870 1883 1892 1903 1913 1913 1916 1924 1926 1925 1926 1926 1924 1923 1921 1919 1914 1910 1909 1908 1909 1912 1915 1920 1923 1926 1926 1927 1929 1930 1932 1934 1934 1935 1935 1934 1932 1929 1926 1923 1922 1925 1928 1930 1931 1933 1935 1935 1935 1936 1940 1943 1945 1946 1947 1948 1948 1950 1952 1954 1955 1954 1952 1953 1954 1954 1952 1951 1949 1947 1945 1945 1945 1945 1945 1947 1949 1951 1955 1958 1958 1958 1958 1960 1961 1963 1964 1966 1967 1968 1967 1966 1964 1962 1960 
-32768 1861 1863 1867 1872 1879 1886 1893 1902 1909 1912 1915 1921 1925 1926 1926 1925 1922 1918 1915 1910 1906 1902 1900 1902 1903 1907 1910 1912 1918 1921 1924 1925 1926 1929 1929 1930 1930 1930 1931 1932 1929 1926 1924 1923 1924 1925 1926 1928 1930 1932 1935 1937 1939 1940 1942 1944 1945 1946 1947 1948 1949 1950 1951 1952 1953 1954 1955 1954 1954 1953 1950 1948 1947 1946 1943 1942 1942 1942 1943 1944 1948 1952 1953 1955 1957 1957 1957 1959 1960 1962 1964 1964 1965 1965 1963 1961 1961 1960 1958 
-32768 1876 1880 1882 1883 1885 1890 1894 1899 1906 1911 1916 1923 1926 1926 1925 1922 1916 1910 1904 1895 1883 1877 1873 1877 1885 1896 1900 1906 1909 1916 1921 1924 1926 1927 1927 1926 1926 1927 1927 1928 1927 1925 1924 1924 1925 1925 1926 1928 1930 1933 1936 1938 1939 1941 1943 1944 1946 1947 1948 1949 1949 1949 1950 1952 1953 1955 1954 1954 1954 1954 1950 1945 1944 1942 1940 1938 1939 1940 1941 1944 1949 1951 1952 1953 1953 1955 1956 1957 1959 1962 1963 1962 1961 1961 1959 1957 1957 1956 1955 
-32768 1883 1884 1885 1887 1888 1889 1889 1891 1900 1907 1914 1923 1922 1920 1917 1913 1906 1893 1874 1859 1856 1850 1841 1838 1841 1856 1867 1887 1902 1910 1915 1921 1925 1926 1925 1925 1925 1925 1926 1925 1925 1923 1921 1922 1923 1925 1926 1928 1931 1934 1936 1937 1939 1940 1943 1946 1948 1949 1950 1950 1950 1949 1951 1954 1957 1957 1955 1953 1953 1952 1947 1944 1942 1940 1937 1936 1937 1940 1941 1944 1949 1950 1951 1951 1952 1952 1954 1955 1956 1959 1961 1961 1959 1958 1958 1957 1956 1955 1954 
-32768 1875 1865 1865 1866 1866 1863 1865 1880 1888 1898 1904 1908 1909 1903 1898 1896 1887 1873 1852 1839 1831 1827 1822 1823 1828 1836 1846 1863 1889 1903 1905 1913 1920 1922 1922 1921 1920 1919 1918 1918 1917 1916 1916 1918 1921 1924 1927 1931 1935 1937 1938 1938 1939 1940 1942 1946 1949 1950 1951 1952 1952 1952 1953 1957 1960 1959 1957 1954 1952 1950 1947 1944 1941 1939 1936 1935 1937 1940 1943 1944 1947 1948 1948 1949 1951 1952 1953 1953 1954 1957 1960 1961 1960 1958 1957 1956 1955 1953 1952 
-32768 1843 1837 1829 1828 1826 1830 1831 1840 1846 1863 1886 1887 1885 1878 1877 1869 1858 1846 1834 1826 1818 1812 1809 1807 1812 1820 1834 1853 1878 1893 1897 1902 1913 1915 1914 1914 1913 1910 1910 1910 1909 1909 1910 1914 1920 1924 1926 1930 1934 1937 1938 1938 1939 1940 1942 1945 1947 1950 1952 1953 1954 1954 1955 1958 1959 1959 1957 1954 1952 1949 1946 1944 1941 1938 1936 1936 1936 1938 1941 1944 1945 1945 1946 1948 1950 1952 1951 1951 1953 1956 1959 1961 1960 1959 1956 1954 1952 1950 1948 
-32768 1815 1809 1803 1801 1800 1803 1805 1804 1810 1820 1833 1840 1847 1851 1844 1836 1831 1823 1817 1809 1804 1803 1802 1806 1808 1814 1823 1838 1850 1846 1857 1869 1898 1903 1902 1898 1898 1897 1901 1907 1907 1904 1907 1911 1915 1921 1925 1927 1932 1936 1938 1939 1940 1943 1945 1946 1947 1950 1952 1953 1953 1954 1956 1959 1959 1959 1957 1955 1952 1948 1945 1944 1941 1937 1935 1934 1933 1934 1936 1939 1943 1944 1945 1947 1950 1951 1952 1952 1954 1956 1958 1960 1960 1958 1955 1952 1950 1946 1944 
-32768 1796 1796 1792 1792 1794 1794 1791 1792 1794 1798 1799 1804 1810 1818 1823 1824 1818 1813 1806 1800 1797 1802 1810 1814 1815 1814 1823 1832 1835 1825 1821 1828 1849 1866 1868 1872 1869 1856 1852 1869 1888 1902 1908 1914 1917 1922 1926 1930 1934 1937 1939 1940 1943 1946 1948 1949 1948 1948 1951 1952 1952 1953 1955 1958 1960 1960 1959 1957 1954 1950 1947 1945 1942 1938 1934 1931 1930 1931 1934 1938 1942 1944 1947 1950 1952 1951 1953 1955 1956 1957 1958 1960 1960 1958 1955 1953 1951 1946 1942 
-32768 1782 1780 1782 1787 1790 1790 1791 1791 1791 1790 1791 1791 1798 1803 1805 1802 1799 1800 1801 1800 1804 1811 1818 1821 1821 1821 1821 1828 1826 1819 1815 1819 1826 1834 1838 1840 1837 1839 1844 1859 1884 1902 1914 1917 1919 1921 1925 1932 1935 1937 1940 1941 1943 1947 1949 1949 1947 1948 1949 1950 1951 1951 1953 1956 1958 1959 1959 1957 1955 1953 1950 1947 1944 1940 1935 1930 1928 1929 1933 1939 1942 1944 1948 1951 1953 1953 1953 1955 1958 1958 1959 1960 1959 1958 1956 1954 1951 1947 1943 
-32768 1772 1777 1781 1785 1788 1792 1796 1799 1800 1798 1794 1792 1791 1791 1792 1791 1793 1796 1803 1810 1817 1824 1828 1831 1835 1833 1838 1841 1831 1824 1819 1817 1820 1825 1827 1829 1832 1838 1847 1864 1887 1904 1914 1919 1920 1921 1925 1929 1935 1938 1940 1941 1943 1946 1947 1947 1947 1948 1949 1950 1950 1950 1952 1953 1955 1956 1957 1956 1954 1952 1950 1946 1942 1938 1934 1930 1926 1926 1931 1937 1940 1941 1945 1949 1951 1952 1953 1954 1957 1959 1960 1960 1959 1957 1955 1954 1951 1948 1943 
-32768 1772 1777 1785 1790 1793 1799 1803 1809 1811 1809 1804 1799 1794 1791 1789 1791 1796 1803 1811 1821 1829 1837 1845 1847 1849 1852 1852 1847 1839 1831 1825 1823 1822 1821 1822 1824 1828 1833 1848 1870 1893 1908 1911 1915 1920 1924 1927 1931 1934 1937 1939 1940 1942 1944 1945 1945 1946 1947 1948 1948 1947 1949 1950 1952 1953 1954 1955 1954 1952 1951 1949 1946 1941 1936 1933 1929 1927 1927 1932 1937 1939 1939 1943 1947 1949 1951 1953 1955 1956 1958 1960 1960 1958 1955 1954 1953 1952 1948 1944 
-32768 1782 1788 1791 1798 1804 1812 1816 1819 1820 1819 1816 1812 1803 1795 1790 1790 1797 1807 1817 1827 1838 1851 1864 1869 1870 1864 1858 1854 1850 1844 1841 1837 1832 1829 1825 1826 1829 1831 1855 1887 1894 1897 1901 1907 1919 1925 1927 1930 1935 1939 1938 1939 1940 1941 1942 1943 1944 1946 1946 1946 1946 1947 1949 1950 1951 1953 1954 1952 1951 1949 1950 1947 1941 1936 1932 1929 1927 1928 1931 1935 1938 1940 1941 1945 1949 1950 1952 1954 1956 1958 1959 1959 1958 1955 1952 1951 1950 1948 1944 
-32768 1793 1795 1799 1804 1814 1823 1829 1832 1832 1831 1828 1822 1815 1805 1796 1793 1799 1812 1821 1829 1842 1858 1872 1879 1884 1880 1864 1863 1862 1859 1856 1850 1842 1838 1836 1831 1834 1848 1862 1879 1890 1889 1895 1905 1914 1922 1921 1922 1929 1937 1940 1938 1939 1940 1941 1943 1945 1945 1945 1944 1945 1947 1947 1947 1949 1952 1953 1953 1950 1950 1949 1945 1941 1936 1931 1927 1924 1924 1927 1931 1936 1939 1941 1942 1947 1950 1951 1951 1954 1956 1959 1960 1958 1955 1951 1948 1947 1946 1944 
-32768 1798 1806 1811 1820 1826 1835 1842 1847 1847 1846 1844 1832 1822 1816 1805 1798 1803 1813 1822 1831 1845 1860 1873 1882 1892 1898 1899 1887 1879 1873 1866 1859 1853 1849 1848 1849 1846 1856 1870 1885 1893 1890 1895 1904 1913 1919 1922 1920 1923 1929 1932 1933 1934 1936 1938 1941 1942 1943 1942 1943 1945 1946 1946 1946 1947 1950 1953 1952 1951 1950 1949 1945 1940 1936 1932 1928 1925 1924 1925 1928 1932 1937 1939 1941 1944 1948 1950 1952 1953 1955 1957 1958 1958 1956 1953 1950 1948 1946 1944 
-32768 1800 1814 1827 1834 1842 1851 1857 1860 1859 1860 1859 1850 1833 1821 1814 1808 1807 1817 1830 1845 1857 1873 1886 1890 1901 1914 1912 1907 1898 1889 1881 1875 1869 1863 1865 1868 1869 1866 1873 1886 1892 1895 1897 1902 1909 1916 1920 1922 1922 1923 1925 1927 1929 1932 1935 1937 1940 1941 1941 1942 1944 1947 1947 1948 1949 1951 1952 1953 1953 1951 1948 1945 1941 1936 1932 1928 1926 1924 1923 1924 1927 1932 1938 1940 1942 1947 1950 1952 1954 1954 1955 1955 1956 1955 1954 1952 1949 1945 1942 
-32768 1798 1815 1830 1840 1847 1859 1872 1873 1874 1872 1867 1858 1845 1829 1819 1814 1816 1825 1841 1853 1868 1887 1898 1901 1906 1913 1919 1916 1911 1902 1896 1890 1882 1878 1878 1885 1887 1885 1883 1890 1898 1900 1902 1903 1905 1908 1913 1916 1919 1921 1924 1927 1929 1932 1935 1938 1941 1943 1943 1943 1945 1947 1949 1951 1952 1952 1953 1953 1953 1951 1947 1944 1940 1937 1931 1928 1926 1923 1921 1921 1924 1930 1937 1940 1942 1944 1949 1952 1954 1954 1953 1954 1955 1955 1954 1952 1949 1944 1941 
-32768 1807 1814 1831 1842 1848 1861 1880 1886 1883 1881 1877 1865 1847 1835 1824 1817 1821 1833 1850 1861 1867 1880 1898 1902 1909 1917 1922 1923 1917 1911 1906 1903 1899 1892 1892 1895 1898 1898 1900 1903 1905 1906 1908 1909 1908 1907 1909 1914 1918 1922 1925 1929 1934 1936 1938 1939 1941 1943 1945 1946 1946 1949 1950 1952 1952 1952 1952 1952 1951 1949 1945 1940 1939 1936 1932 1928 1924 1922 1921 1922 1924 1928 1935 1941 1941 1939 1943 1950 1954 1955 1954 1953 1954 1954 1954 1953 1950 1946 1942 
-32768 1807 1812 1825 1840 1862 1883 1889 1892 1890 1889 1885 1875 1854 1838 1827 1819 1830 1853 1864 1872 1880 1888 1895 1904 1912 1918 1923 1924 1922 1917 1915 1913 1910 1907 1905 1904 1904 1905 1909 1912 1912 1912 1913 1913 1913 1912 1913 1915 1919 1924 1929 1934 1938 1940 1941 1941 1942 1943 1945 1947 1949 1950 1951 1952 1952 1951 1950 1950 1949 1948 1945 1941 1937 1936 1932 1928 1924 1921 1921 1923 1926 1928 1933 1938 1940 1937 1938 1946 1950 1952 1953 1953 1954 1956 1957 1955 1951 1946 1942 
-32768 1810 1817 1832 1855 1874 1889 1895 1898 1898 1896 1892 1883 1865 1850 1841 1836 1843 1868 1887 1895 1900 1904 1907 1908 1912 1920 1926 1925 1924 1924 1922 1921 1920 1917 1915 1912 1909 1908 1909 1913 1916 1916 1916 1917 1919 1919 1919 1919 1921 1926 1931 1936 1941 1944 1945 1944 1943 1944 1946 1949 1950 1951 1952 1952 1951 1949 1948 1948 1949 1948 1946 1942 1938 1935 1932 1928 1924 1921 1919 1920 1924 1927 1930 1935 1938 1935 1937 1941 1947 1948 1949 1953 1955 1957 1958 1956 1952 1946 1941 
-32768 1823 1826 1839 1864 1889 1893 1897 1902 1904 1903 1901 1893 1878 1868 1863 1863 1870 1886 1895 1901 1908 1912 1914 1914 1916 1922 1929 1932 1929 1929 1929 1928 1928 1925 1922 1919 1916 1913 1911 1914 1918 1921 1920 1921 1924 1925 1926 1925 1925 1926 1933 1938 1942 1947 1949 1949 1946 1946 1947 1949 1951 1952 1952 1951 1951 1950 1949 1948 1947 1947 1946 1945 1942 1937 1931 1927 1923 1921 1919 1919 1921 1926 1928 1929 1931 1932 1931 1936 1941 1945 1949 1952 1956 1956 1956 1955 1953 1948 1943 
-32768 1843 1848 1856 1873 1885 1893 1896 1900 1904 1905 1911 1906 1892 1884 1881 1877 1880 1886 1899 1907 1913 1919 1922 1920 1920 1924 1931 1933 1933 1933 1933 1932 1932 1931 1928 1926 1923 1919 1919 1921 1926 1927 1926 1927 1929 1932 1932 1931 1929 1930 1932 1938 1940 1944 1949 1950 1948 1947 1949 1951 1952 1953 1952 1951 1949 1950 1950 1950 1948 1947 1946 1945 1943 1938 1931 1925 1922 1921 1920 1919 1920 1925 1929 1928 1928 1928 1930 1932 1936 1941 1948 1952 1954 1955 1954 1953 1951 1947 1942 
-32768 1854 1866 1872 1877 1882 1888 1894 1898 1902 1905 1906 1910 1902 1892 1887 1884 1889 1895 1903 1912 1920 1927 1927 1926 1925 1928 1931 1933 1932 1933 1935 1935 1936 1935 1934 1931 1929 1927 1925 1928 1933 1935 1934 1934 1936 1938 1939 1937 1935 1934 1939 1943 1945 1948 1949 1951 1949 1948 1950 1951 1952 1952 1951 1948 1946 1946 1947 1947 1947 1946 1946 1945 1942 1938 1932 1927 1924 1923 1921 1919 1920 1925 1929 1929 1929 1931 1932 1934 1937 1941 1947 1952 1954 1954 1953 1951 1947 1942 1936 
-32768 1861 1865 1875 1881 1884 1888 1893 1898 1903 1905 1907 1912 1908 1899 1894 1893 1894 1900 1907 1914 1922 1927 1929 1929 1929 1930 1931 1932 1931 1932 1934 1936 1936 1936 1937 1936 1934 1932 1932 1935 1939 1942 1940 1939 1939 1941 1942 1941 1939 1938 1941 1946 1949 1949 1950 1950 1950 1950 1949 1950 1950 1949 1947 1943 1940 1940 1942 1941 1941 1942 1942 1942 1941 1939 1934 1929 1926 1925 1920 1918 1919 1922 1925 1927 1929 1931 1934 1936 1939 1944 1948 1952 1953 1953 1949 1946 1944 1940 1934 
-32768 1870 1875 1880 1883 1887 1892 1897 1903 1906 1907 1911 1915 1915 1912 1908 1905 1903 1904 1908 1915 1923 1930 1932 1931 1930 1931 1932 1932 1933 1935 1936 1938 1937 1939 1941 1941 1939 1937 1937 1940 1944 1945 1945 1943 1942 1945 1948 1947 1943 1941 1941 1945 1948 1949 1949 1949 1950 1950 1949 1948 1947 1946 1944 1941 1939 1939 1938 1937 1938 1938 1938 1939 1939 1938 1935 1930 1925 1921 1916 1913 1917 1920 1922 1925 1927 1930 1934 1938 1940 1943 1947 1951 1953 1951 1947 1942 1941 1938 1932 
-32768 1886 1887 1888 1889 1892 1896 1900 1904 1907 1908 1913 1920 1922 1919 1917 1914 1911 1911 1912 1916 1922 1929 1934 1934 1933 1934 1935 1936 1937 1939 1939 1939 1939 1940 1942 1942 1941 1940 1940 1942 1945 1947 1948 1948 1948 1949 1951 1950 1946 1943 1943 1945 1949 1949 1948 1949 1949 1948 1947 1946 1945 1944 1942 1939 1937 1937 1938 1935 1935 1937 1937 1937 1937 1936 1933 1929 1925 1919 1914 1912 1914 1918 1923 1925 1927 1929 1935 1942 1943 1944 1946 1950 1952 1951 1945 1941 1939 1935 1924 
-32768 1896 1897 1896 1896 1897 1899 1902 1905 1907 1910 1915 1918 1919 1919 1919 1917 1916 1917 1918 1919 1922 1927 1931 1935 1937 1937 1937 1938 1939 1939 1939 1940 1940 1940 1941 1941 1941 1941 1941 1942 1944 1946 1949 1951 1952 1952 1951 1949 1947 1945 1945 1946 1948 1948 1948 1947 1948 1947 1945 1946 1945 1944 1941 1937 1933 1932 1931 1931 1930 1933 1936 1936 1936 1935 1931 1926 1923 1919 1915 1911 1912 1914 1919 1926 1929 1932 1937 1944 1948 1946 1946 1946 1947 1946 1943 1938 1935 1926 1909 
-32768 1900 1901 1902 1901 1901 1901 1904 1907 1910 1912 1916 1919 1920 1920 1921 1919 1918 1920 1922 1923 1925 1927 1932 1935 1938 1938 1938 1936 1936 1938 1938 1939 1940 1940 1940 1941 1941 1942 1942 1942 1942 1945 1948 1950 1951 1951 1950 1948 1947 1946 1946 1946 1946 1946 1946 1946 1945 1943 1941 1941 1943 1943 1941 1937 1933 1930 1927 1925 1926 1929 1933 1934 1933 1932 1930 1924 1917 1913 1911 1909 1909 1910 1913 1922 1929 1933 1935 1938 1944 1948 1947 1944 1942 1942 1938 1933 1925 1913 1900 
-32768 1894 1899 1902 1903 1904 1907 1909 1912 1914 1916 1919 1923 1924 1925 1925 1922 1920 1922 1924 1926 1927 1929 1933 1936 1937 1936 1936 1936 1936 1936 1936 1937 1937 1939 1940 1942 1943 1943 1942 1942 1941 1942 1944 1947 1947 1947 1947 1947 1947 1947 1946 1946 1946 1945 1946 1946 1943 1939 1936 1935 1937 1938 1937 1935 1933 1930 1925 1923 1924 1925 1929 1932 1931 1930 1929 1924 1914 1906 1904 1903 1904 1906 1909 1918 1924 1929 1934 1936 1938 1942 1944 1942 1940 1938 1933 1926 1916 1903 1892 
-32768 1866 1887 1894 1903 1905 1909 1912 1914 1915 1917 1917 1920 1923 1923 1923 1920 1920 1923 1926 1926 1925 1928 1931 1932 1933 1931 1931 1932 1934 1935 1935 1934 1935 1937 1939 1940 1942 1943 1943 1942 1941 1940 1941 1943 1943 1943 1944 1947 1947 1948 1947 1946 1945 1945 1945 1945 1942 1939 1935 1932 1933 1934 1933 1932 1930 1928 1925 1922 1921 1921 1923 1925 1926 1925 1925 1924 1918 1907 1899 1897 1891 1890 1905 1915 1920 1926 1932 1936 1938 1939 1937 1936 1936 1933 1927 1920 1908 1894 1880 
-32768 1835 1858 1879 1887 1895 1897 1900 1905 1911 1908 1906 1909 1912 1915 1914 1914 1916 1921 1926 1925 1925 1925 1925 1926 1925 1922 1921 1924 1929 1932 1932 1933 1934 1935 1936 1938 1940 1941 1942 1941 1941 1940 1940 1941 1941 1941 1942 1946 1949 1948 1947 1945 1944 1943 1943 1940 1938 1935 1933 1931 1930 1933 1933 1931 1928 1924 1921 1917 1915 1913 1912 1915 1916 1917 1918 1919 1915 1903 1890 1884 1878 1884 1899 1914 1920 1923 1930 1935 1938 1935 1931 1930 1930 1927 1918 1908 1897 1880 1866 
-32768 1817 1823 1838 1851 1855 1862 1865 1873 1874 1876 1879 1884 1898 1903 1907 1905 1906 1909 1914 1919 1921 1920 1919 1917 1916 1912 1913 1916 1921 1926 1928 1929 1932 1935 1935 1936 1938 1939 1939 1939 1940 1941 1941 1941 1941 1941 1940 1943 1946 1948 1947 1945 1943 1941 1939 1937 1934 1930 1926 1925 1927 1928 1931 1932 1930 1925 1919 1913 1908 1905 1905 1906 1906 1906 1905 1904 1897 1885 1873 1868 1868 1882 1899 1912 1920 1926 1931 1934 1935 1931 1926 1924 1925 1920 1910 1894 1878 1869 1864 
-32768 1805 1808 1812 1815 1821 1827 1832 1837 1837 1841 1848 1855 1866 1873 1882 1888 1890 1896 1895 1902 1903 1906 1902 1906 1908 1908 1906 1910 1915 1920 1923 1925 1928 1931 1933 1934 1936 1936 1934 1934 1937 1940 1941 1942 1942 1941 1941 1941 1944 1947 1947 1947 1942 1938 1936 1934 1930 1925 1922 1920 1921 1924 1930 1932 1931 1926 1914 1904 1899 1892 1892 1892 1888 1885 1880 1874 1867 1863 1862 1861 1862 1876 1896 1909 1917 1924 1930 1933 1931 1928 1923 1920 1916 1909 1896 1879 1868 1863 1863 
-32768 1792 1798 1800 1800 1804 1809 1817 1819 1821 1818 1821 1830 1837 1845 1857 1862 1853 1863 1874 1874 1867 1860 1876 1883 1881 1889 1901 1901 1905 1911 1918 1922 1926 1927 1930 1930 1932 1933 1932 1932 1934 1936 1937 1938 1939 1939 1938 1939 1941 1944 1945 1944 1942 1938 1935 1931 1928 1925 1921 1919 1919 1921 1926 1930 1929 1922 1911 1902 1891 1880 1870 1864 1864 1864 1862 1858 1858 1858 1860 1862 1869 1887 1904 1914 1921 1926 1929 1929 1924 1918 1913 1912 1898 1885 1877 1868 1865 1861 1864 
-32768 1784 1785 1790 1792 1792 1797 1804 1807 1809 1812 1815 1820 1826 1832 1838 1837 1836 1836 1837 1838 1838 1838 1836 1840 1839 1842 1871 1887 1887 1894 1908 1917 1921 1923 1925 1926 1927 1929 1931 1932 1934 1934 1934 1935 1937 1937 1937 1937 1940 1943 1943 1943 1941 1937 1934 1931 1928 1924 1921 1918 1917 1918 1921 1924 1924 1921 1914 1903 1894 1880 1866 1859 1855 1856 1856 1855 1859 1863 1868 1871 1880 1896 1908 1918 1926 1931 1930 1925 1912 1897 1890 1885 1873 1859 1856 1858 1860 1862 1868 
-32768 1784 1783 1784 1786 1786 1790 1794 1797 1797 1801 1805 1810 1815 1818 1821 1820 1821 1819 1818 1820 1821 1821 1821 1822 1823 1825 1829 1851 1875 1880 1898 1912 1913 1916 1919 1921 1925 1928 1930 1932 1934 1933 1933 1935 1937 1939 1939 1940 1941 1943 1944 1942 1939 1936 1932 1929 1926 1923 1919 1916 1913 1913 1916 1919 1921 1920 1916 1907 1897 1886 1873 1861 1855 1855 1857 1860 1864 1872 1880 1886 1894 1904 1913 1922 1930 1928 1924 1920 1909 1894 1881 1871 1861 1852 1849 1851 1856 1861 1870 
-32768 1791 1788 1786 1786 1783 1784 1788 1791 1793 1794 1799 1806 1809 1806 1802 1802 1803 1804 1804 1805 1807 1809 1810 1812 1812 1812 1815 1819 1838 1856 1880 1901 1902 1905 1911 1918 1923 1926 1929 1931 1933 1934 1934 1937 1939 1940 1940 1942 1943 1945 1945 1943 1940 1936 1933 1931 1927 1923 1918 1912 1908 1907 1909 1911 1911 1913 1914 1910 1900 1887 1873 1862 1854 1855 1860 1865 1871 1882 1890 1899 1909 1915 1919 1923 1927 1926 1922 1916 1907 1891 1873 1861 1854 1851 1850 1854 1859 1870 1883 
-32768 1805 1798 1794 1790 1786 1783 1785 1791 1792 1791 1794 1798 1800 1800 1800 1802 1805 1807 1808 1808 1809 1810 1811 1813 1814 1816 1816 1818 1824 1828 1842 1853 1865 1882 1894 1913 1917 1922 1925 1926 1928 1930 1933 1936 1937 1938 1939 1941 1943 1944 1944 1943 1942 1939 1937 1934 1929 1924 1918 1911 1904 1902 1902 1904 1899 1898 1897 1903 1896 1884 1870 1859 1852 1852 1858 1870 1882 1895 1907 1915 1921 1923 1923 1924 1925 1921 1916 1908 1896 1882 1866 1857 1854 1854 1857 1864 1871 1882 1896 
-32768 1819 1814 1806 1797 1792 1788 1787 1786 1789 1790 1792 1795 1799 1800 1803 1805 1814 1820 1816 1815 1818 1821 1821 1823 1829 1829 1829 1827 1826 1824 1823 1833 1841 1853 1865 1894 1915 1918 1921 1923 1923 1926 1931 1934 1934 1935 1938 1941 1942 1943 1943 1943 1942 1940 1939 1935 1930 1924 1917 1909 1904 1899 1888 1883 1880 1873 1875 1881 1878 1868 1859 1854 1852 1853 1864 1877 1892 1908 1920 1926 1930 1931 1928 1926 1923 1917 1904 1892 1882 1871 1859 1853 1854 1856 1858 1866 1883 1898 1909 
-32768 1830 1830 1820 1810 1803 1800 1796 1792 1789 1790 1792 1798 1803 1806 1811 1820 1827 1831 1831 1828 1831 1836 1845 1849 1849 1844 1843 1838 1843 1839 1828 1842 1840 1845 1864 1882 1901 1914 1921 1922 1923 1926 1932 1935 1936 1935 1937 1941 1943 1944 1944 1944 1942 1940 1938 1934 1928 1922 1915 1909 1904 1898 1882 1868 1855 1855 1861 1864 1863 1857 1853 1850 1851 1858 1872 1891 1904 1915 1924 1931 1935 1936 1935 1930 1922 1912 1900 1886 1872 1863 1855 1847 1847 1851 1859 1878 1899 1915 1922 
-32768 1841 1842 1837 1828 1819 1815 1811 1803 1794 1792 1792 1798 1807 1814 1821 1830 1838 1841 1843 1848 1852 1859 1866 1875 1874 1873 1866 1858 1857 1853 1841 1845 1847 1857 1872 1885 1900 1911 1916 1922 1926 1930 1934 1938 1939 1939 1941 1943 1945 1946 1946 1944 1942 1940 1937 1933 1928 1923 1918 1912 1905 1897 1885 1866 1853 1849 1851 1852 1850 1850 1850 1851 1853 1861 1879 1901 1911 1918 1925 1930 1936 1940 1940 1934 1921 1907 1895 1882 1868 1855 1849 1844 1840 1841 1850 1884 1910 1919 1925 
-32768 1844 1849 1851 1846 1839 1829 1822 1815 1806 1798 1794 1800 1808 1818 1828 1839 1847 1856 1864 1869 1874 1877 1884 1890 1891 1884 1876 1867 1871 1870 1859 1862 1864 1874 1887 1902 1909 1911 1915 1922 1929 1932 1936 1938 1940 1941 1944 1945 1946 1946 1946 1946 1944 1942 1939 1936 1933 1930 1926 1921 1914 1901 1888 1876 1864 1856 1852 1847 1845 1846 1849 1855 1861 1876 1895 1907 1916 1919 1924 1929 1932 1937 1939 1931 1917 1902 1888 1874 1861 1851 1844 1841 1839 1839 1840 1872 1910 1921 1927 
-32768 1837 1849 1862 1861 1855 1843 1833 1827 1818 1807 1800 1798 1805 1816 1828 1841 1856 1867 1877 1884 1888 1895 1903 1904 1901 1894 1913 1898 1896 1897 1898 1895 1894 1893 1902 1907 1913 1916 1919 1924 1928 1931 1936 1939 1940 1943 1945 1945 1945 1945 1945 1946 1945 1944 1942 1939 1938 1935 1933 1929 1923 1912 1901 1891 1878 1864 1856 1850 1845 1845 1849 1859 1871 1885 1899 1911 1915 1919 1923 1927 1930 1932 1932 1925 1912 1898 1883 1871 1860 1852 1846 1844 1845 1848 1854 1877 1908 1923 1928 
-32768 1829 1840 1863 1873 1870 1858 1846 1837 1829 1818 1805 1799 1800 1808 1823 1838 1852 1863 1879 1892 1906 1914 1915 1916 1913 1914 1917 1915 1907 1905 1904 1903 1905 1908 1916 1922 1922 1921 1923 1925 1926 1929 1935 1939 1941 1943 1944 1945 1945 1945 1944 1944 1945 1945 1944 1943 1942 1940 1935 1933 1928 1921 1912 1902 1886 1871 1859 1851 1846 1843 1845 1855 1870 1885 1898 1909 1917 1922 1925 1927 1928 1929 1924 1913 1900 1886 1875 1864 1856 1850 1847 1848 1852 1858 1877 1902 1918 1924 1927 
-32768 1832 1838 1859 1886 1883 1874 1864 1852 1840 1828 1813 1803 1801 1804 1813 1827 1841 1854 1882 1906 1916 1920 1921 1922 1927 1930 1927 1922 1917 1913 1914 1914 1914 1917 1922 1928 1930 1931 1930 1928 1928 1931 1935 1939 1940 1941 1943 1944 1944 1945 1945 1945 1946 1945 1944 1944 1942 1941 1937 1934 1930 1924 1918 1907 1892 1877 1863 1854 1847 1843 1843 1848 1859 1873 1887 1902 1914 1923 1927 1929 1929 1927 1917 1906 1889 1874 1864 1857 1850 1845 1845 1851 1859 1864 1879 1899 1915 1922 1926 
-32768 1833 1837 1855 1876 1894 1888 1878 1867 1858 1843 1824 1815 1811 1808 1807 1815 1830 1854 1883 1912 1914 1915 1921 1927 1931 1931 1930 1929 1924 1920 1920 1922 1925 1928 1929 1931 1934 1937 1936 1933 1933 1935 1938 1939 1941 1941 1942 1944 1945 1946 1947 1947 1947 1946 1944 1941 1941 1941 1940 1938 1933 1925 1918 1906 1891 1878 1864 1854 1846 1842 1842 1847 1856 1864 1876 1896 1911 1918 1923 1926 1924 1916 1902 1884 1873 1861 1853 1849 1845 1842 1844 1852 1859 1864 1878 1901 1915 1921 1927 
-32768 1825 1835 1843 1859 1897 1899 1897 1887 1878 1864 1844 1828 1823 1815 1809 1808 1815 1827 1862 1895 1915 1918 1923 1928 1932 1933 1933 1932 1931 1929 1928 1929 1932 1932 1936 1939 1938 1939 1939 1937 1937 1937 1938 1940 1942 1942 1943 1944 1947 1949 1948 1948 1946 1945 1942 1938 1938 1939 1938 1937 1931 1923 1915 1899 1884 1867 1858 1851 1844 1842 1842 1849 1857 1864 1872 1887 1905 1911 1916 1915 1913 1900 1882 1869 1859 1852 1847 1846 1843 1840 1841 1847 1853 1855 1864 1890 1910 1919 1928 
-32768 1817 1828 1839 1841 -32768 -32768 1907 1908 1899 1881 1861 1845 1832 1827 1821 1813 1813 1816 1817 1839 1891 1918 1922 1928 1934 1936 1936 1936 1935 1934 1934 1935 1936 1937 1938 1940 1941 1940 1940 1940 1939 1938 1939 1940 1942 1944 1945 1946 1947 1949 1950 1947 1944 1942 1940 1937 1935 1931 1929 1925 1922 1916 1903 1893 1874 1858 1850 1844 1841 1842 1845 1850 1858 1866 1873 1888 1902 1907 1909 1902 1891 1879 1868 1856 1847 1842 1841 1843 1842 1841 1842 1845 1848 1850 1856 1874 1899 1914 1925 
-32768 1813 1827 1837 1844 -32768 -32768 -32768 1916 1910 1896 1876 1852 1842 1836 1839 1835 1825 1831 1835 1845 1893 1921 1917 1922 1933 1937 1938 1938 1937 1937 1938 1939 1939 1938 1940 1942 1943 1943 1942 1942 1941 1940 1939 1940 1941 1943 1945 1946 1947 1949 1949 1947 1944 1940 1938 1934 1930 1924 1920 1917 1909 1897 1886 1875 1863 1852 1845 1841 1840 1842 1847 1853 1861 1871 1881 1892 1903 1906 1898 1886 1874 1866 1855 1845 1838 1834 1834 1836 1840 1844 1849 1854 1855 1858 1865 1881 1900 1915 1924 
-32768 1813 1822 1838 1845 1847 -32768 -32768 1918 1920 1912 1897 1876 1856 1847 1852 1850 1848 1859 1875 1884 1892 1904 1911 1916 1925 1934 1935 1936 1938 1938 1939 1940 1941 1942 1941 1942 1943 1942 1943 1944 1943 1941 1941 1941 1940 1941 1944 1946 1948 1949 1948 1947 1944 1940 1937 1933 1928 1921 1915 1910 1893 1875 1861 1855 1848 1842 1841 1839 1839 1843 1850 1856 1863 1872 1888 1902 1908 1907 1897 1880 1864 1853 1846 1838 1833 1832 1834 1837 1843 1849 1857 1864 1868 1869 1875 1887 1902 1915 1922 
-32768 1814 1826 1840 1864 1892 -32768 -32768 -32768 1929 1927 1920 1908 1893 1868 1852 1848 1851 1870 1885 1898 1903 1904 1910 1916 1922 1926 1930 1935 1938 1939 1939 1939 1941 1943 1944 1943 1943 1943 1943 1943 1943 1942 1943 1943 1943 1943 1946 1948 1950 1950 1948 1947 1946 1942 1937 1932 1925 1915 1906 1902 1887 1861 1848 1844 1839 1837 1837 1837 1837 1841 1851 1862 1870 1878 1889 1901 1902 1896 1884 1871 1858 1846 1839 1835 1834 1834 1837 1843 1850 1859 1870 1877 1882 1886 1893 1905 1913 1918 1925 
-32768 1814 1828 1847 1869 1895 -32768 -32768 -32768 1928 1931 1930 1915 1903 1902 1882 1852 1849 1875 1888 1901 1906 1909 1911 1918 1924 1923 1927 1934 1939 1940 1940 1939 1940 1942 1943 1944 1944 1944 1945 1944 1943 1944 1944 1945 1945 1945 1947 1950 1952 1951 1949 1946 1943 1941 1935 1930 1923 1911 1904 1899 1886 1864 1850 1843 1840 1838 1837 1836 1835 1840 1849 1860 1870 1882 1892 1889 1882 1872 1862 1854 1844 1837 1832 1831 1832 1839 1846 1852 1860 1872 1886 1895 1898 1902 1908 1915 1920 1925 1933 
-32768 1815 1828 1850 1877 1901 1913 -32768 -32768 -32768 1932 1931 1917 1903 1901 1904 1898 1874 1894 1902 1902 1906 1908 1910 1916 1923 1927 1930 1934 1938 1941 1941 1940 1939 1941 1942 1944 1945 1947 1947 1947 1946 1946 1947 1946 1945 1946 1947 1950 1952 1952 1949 1946 1943 1940 1936 1932 1924 1914 1907 1902 1894 1878 1861 1853 1848 1843 1840 1837 1836 1839 1844 1854 1867 1874 1880 1876 1868 1858 1849 1841 1834 1830 1827 1830 1834 1842 1850 1863 1879 1892 1904 1912 1916 1916 1920 1924 1927 1929 1935 
-32768 1812 1829 1851 1883 1904 1913 1918 -32768 -32768 1930 1932 1924 1907 1903 1906 1911 1922 1916 1911 1913 1912 1912 1912 1916 1922 1926 1929 1931 1934 1936 1938 1938 1939 1940 1942 1943 1945 1948 1949 1949 1949 1948 1948 1947 1947 1948 1950 1951 1953 1952 1950 1947 1944 1942 1939 1934 1926 1918 1909 1905 1898 1884 1869 1861 1856 1850 1844 1838 1835 1835 1840 1848 1858 1868 1867 1862 1855 1848 1840 1834 1832 1831 1831 1832 1836 1845 1855 1869 1885 1899 1910 1919 1924 1926 1928 1930 1934 1937 1942 
-32768 1812 1832 1859 1893 1908 1915 1922 1923 1922 1929 1931 1928 1917 1909 1911 1918 1923 1923 1919 1919 1918 1918 1919 1921 1922 1924 1927 1931 1932 1934 1935 1937 1939 1941 1942 1944 1946 1948 1949 1950 1950 1950 1950 1950 1951 1951 1952 1953 1953 1953 1950 1948 1945 1942 1939 1936 1931 1923 1915 1912 1906 1895 1883 1874 1865 1857 1848 1840 1833 1832 1837 1849 1858 1865 1862 1854 1845 1837 1832 1829 1832 1835 1838 1840 1842 1852 1865 1876 1889 1903 1913 1921 1928 1932 1936 1938 1941 1945 1948 
-32768 1810 1820 1849 1882 1915 1920 1922 1923 1925 1929 1932 1929 1922 1917 1917 1921 1927 1928 1927 1928 1927 1927 1927 1926 1925 1926 1928 1932 1936 1936 1937 1938 1939 1941 1943 1945 1947 1948 1949 1950 1950 1951 1951 1952 1952 1953 1953 1954 1954 1953 1950 1948 1947 1943 1941 1937 1934 1931 1925 1920 1915 1907 1898 1886 1873 1861 1849 1840 1833 1832 1838 1848 1857 1859 1853 1844 1836 1833 1833 1835 1840 1844 1847 1848 1853 1859 1868 1877 1892 1906 1918 1926 1931 1937 1943 1945 1945 1946 1949 
-32768 1813 1816 1820 1849 1890 1923 1923 1924 1926 1929 1931 1931 1929 1925 1925 1927 1930 1932 1933 1933 1933 1932 1932 1931 1929 1929 1930 1935 1939 1941 1941 1941 1941 1942 1944 1947 1948 1949 1950 1951 1952 1952 1952 1952 1952 1952 1953 1954 1955 1953 1950 1948 1946 1943 1939 1936 1935 1932 1928 1922 1918 1910 1897 1885 1873 1859 1846 1836 1831 1832 1836 1842 1848 1848 1842 1835 1830 1830 1837 1845 1851 1853 1855 1859 1865 1875 1883 1891 1900 1914 1924 1928 1932 1940 1949 1950 1949 1949 1952 
-32768 1816 1817 1821 1831 1886 1917 1918 1920 1926 1933 1932 1932 1934 1935 1932 1931 1931 1934 1935 1935 1935 1936 1936 1934 1932 1931 1933 1935 1938 1940 1940 1940 1941 1943 1947 1949 1949 1950 1952 1953 1954 1954 1954 1954 1953 1953 1954 1955 1955 1955 1950 1946 1943 1941 1939 1936 1933 1929 1924 1919 1915 1903 1887 1873 1865 1856 1842 1833 1827 1827 1833 1835 1834 1832 1829 1827 1826 1832 1842 1851 1857 1861 1866 1873 1879 1893 1907 1913 1918 1923 1929 1934 1940 1945 1952 1955 1954 1954 1955 
-32768 1819 1814 1818 1829 1841 1860 1884 1914 1924 1931 1933 1931 1931 1934 1935 1931 1932 1934 1938 1938 1939 1939 1939 1938 1935 1933 1935 1936 1937 1937 1937 1938 1940 1943 1948 1950 1951 1951 1953 1954 1955 1956 1956 1956 1955 1954 1954 1954 1955 1953 1951 1946 1943 1940 1939 1934 1930 1926 1921 1916 1908 1892 1875 1863 1856 1849 1840 1832 1825 1824 1828 1832 1828 1825 1825 1824 1828 1837 1848 1858 1861 1867 1879 1886 1891 1899 1910 1918 1922 1926 1931 1936 1942 1947 1951 1952 1951 1951 1950 
-32768 1822 1812 1813 1829 1837 1848 1885 1908 1915 1922 1927 1928 1929 1932 1933 1933 1934 1937 1940 1941 1941 1940 1940 1939 1939 1938 1938 1938 1938 1938 1939 1940 1942 1945 1948 1951 1952 1952 1953 1955 1956 1956 1957 1956 1955 1953 1953 1952 1952 1951 1949 1946 1943 1939 1935 1932 1927 1924 1918 1910 1899 1883 1865 1855 1848 1843 1837 1832 1826 1823 1825 1826 1825 1823 1824 1827 1832 1841 1853 1860 1865 1875 1887 1897 1906 1914 1916 1920 1926 1933 1934 1936 1938 1942 1948 1951 1948 1943 1939 
-32768 1838 1821 1821 1833 1840 1845 1847 1883 1908 1913 1918 1923 1928 1931 1933 1933 1935 1937 1940 1941 1941 1942 1941 1941 1941 1941 1941 1939 1939 1940 1941 1943 1945 1946 1948 1950 1952 1953 1954 1955 1955 1956 1956 1956 1955 1954 1953 1952 1950 1949 1946 1945 1940 1938 1934 1931 1926 1919 1913 1904 1895 1879 1862 1850 1844 1841 1838 1832 1824 1821 1820 1820 1821 1824 1827 1830 1835 1845 1855 1861 1870 1883 1900 1911 1918 1922 1924 1926 1930 1933 1936 1937 1939 1942 1947 1952 1946 1937 1918 
-32768 1871 1843 1850 1839 1840 1847 1872 1894 1900 1904 1907 1913 1921 1928 1932 1933 1933 1936 1939 1941 1942 1943 1943 1943 1944 1943 1942 1941 1940 1941 1942 1943 1945 1946 1948 1950 1953 1955 1956 1956 1956 1956 1956 1956 1956 1956 1955 1954 1952 1949 1946 1943 1941 1937 1934 1930 1923 1915 1910 1903 1897 1886 1871 1858 1848 1841 1837 1831 1823 1819 1817 1817 1820 1826 1832 1835 1838 1841 1847 1853 1864 1882 1900 1911 1919 1924 1927 1933 1937 1938 1937 1939 1943 1948 1950 1953 1947 1928 1903 
-32768 1896 1894 1876 1854 1859 1868 1888 1897 1898 1904 1908 1913 1919 1925 1927 1929 1931 1934 1938 1941 1942 1943 1944 1945 1945 1945 1944 1942 1942 1942 1941 1942 1944 1947 1950 1953 1954 1955 1957 1957 1957 1956 1956 1956 1956 1956 1956 1955 1952 1948 1944 1943 1941 1938 1934 1928 1920 1916 1911 1907 1900 1887 1876 1865 1855 1845 1836 1829 1823 1818 1816 1815 1818 1827 1833 1836 1837 1839 1840 1843 1849 1867 1875 1889 1909 1918 1925 1935 1944 1944 1942 1940 1944 1946 1948 1944 1935 1919 1896 
-32768 1904 1902 1894 1883 1873 1880 1893 1897 1900 1902 1908 1916 1923 1926 1927 1928 1931 1935 1939 1942 1942 1944 1946 1947 1947 1948 1946 1945 1944 1944 1943 1944 1945 1947 1950 1952 1953 1953 1955 1956 1956 1956 1955 1956 1956 1956 1955 1954 1951 1947 1942 1941 1940 1938 1935 1928 1921 1917 1915 1909 1904 1893 1879 1869 1859 1847 1836 1827 1820 1816 1814 1815 1818 1821 1824 1826 1829 1830 1832 1836 1841 1846 1849 1868 1902 1910 1917 1927 1939 1946 1944 1943 1944 1947 1948 1944 1931 1913 1895 
-32768 1910 1908 1905 1894 1890 1890 1898 1899 1900 1905 1911 1918 1924 1928 1929 1929 1934 1937 1941 1942 1943 1945 1947 1949 1949 1948 1947 1945 1945 1945 1946 1947 1948 1949 1950 1951 1952 1951 1952 1953 1954 1954 1955 1956 1957 1956 1953 1951 1949 1945 1940 1940 1940 1938 1937 1928 1922 1916 1911 1905 1898 1887 1875 1866 1857 1844 1832 1823 1816 1813 1813 1816 1819 1822 1824 1826 1828 1829 1831 1834 1839 1843 1845 1850 1875 1907 1914 1918 1924 1933 1941 1944 1947 1950 1951 1948 1935 1917 1899 
-32768 1915 1914 1912 1910 1909 1904 1902 1903 1903 1910 1918 1923 1927 1929 1928 1930 1932 1937 1940 1941 1942 1944 1947 1948 1949 1948 1947 1945 1945 1946 1947 1949 1950 1949 1949 1949 1950 1950 1949 1949 1951 1953 1955 1956 1956 1954 1952 1949 1946 1943 1939 1937 1934 1933 1926 1921 1914 1908 1901 1892 1881 1867 1862 1857 1848 1838 1826 1817 1813 1813 1814 1818 1823 1827 1830 1832 1834 1837 1839 1842 1845 1850 1854 1858 1873 1902 1914 1913 1917 1925 1935 1942 1946 1949 1951 1949 1936 1918 1896 
-32768 1923 1921 1921 1920 1920 1918 1913 1911 1914 1918 1923 1928 1929 1929 1928 1928 1933 1938 1939 1941 1943 1944 1946 1946 1945 1944 1945 1945 1944 1946 1948 1948 1949 1948 1947 1947 1948 1949 1948 1948 1950 1953 1954 1954 1954 1953 1952 1950 1947 1943 1937 1933 1931 1924 1918 1912 1906 1893 1877 1867 1860 1853 1847 1843 1835 1827 1819 1814 1812 1812 1816 1820 1826 1831 1833 1837 1841 1846 1850 1854 1858 1862 1866 1871 1881 1898 1914 1919 1921 1927 1937 1942 1947 1951 1951 1947 1935 1920 1895 
-32768 1928 1930 1930 1932 1927 1924 1921 1919 1922 1925 1928 1931 1933 1934 1934 1934 1934 1937 1939 1940 1941 1941 1941 1941 1942 1942 1941 1942 1944 1945 1947 1948 1947 1947 1946 1946 1946 1948 1948 1949 1950 1952 1954 1954 1954 1954 1954 1952 1948 1942 1936 1933 1929 1921 1915 1911 1901 1878 1856 1849 1842 1839 1837 1832 1827 1822 1817 1814 1813 1814 1818 1822 1828 1834 1838 1844 1853 1860 1868 1875 1878 1879 1878 1878 1883 1890 1906 1919 1925 1928 1934 1942 1948 1950 1950 1944 1933 1921 1901 
-32768 1932 1931 1933 1931 1929 1926 1923 1922 1923 1926 1930 1933 1935 1938 1938 1936 1936 1937 1938 1938 1938 1937 1936 1936 1939 1939 1939 1940 1943 1945 1946 1946 1946 1946 1945 1944 1944 1945 1947 1947 1949 1951 1952 1953 1953 1952 1951 1949 1943 1939 1934 1931 1927 1918 1911 1908 1900 1865 1845 1838 1833 1831 1829 1825 1822 1818 1815 1812 1812 1814 1818 1823 1830 1840 1849 1857 1865 1875 1888 1899 1902 1896 1890 1887 1886 1896 1912 1923 1928 1931 1935 1941 1945 1947 1947 1942 1930 1919 1907 
-32768 1932 1930 1929 1930 1930 1928 1927 1925 1925 1926 1931 1935 1937 1939 1939 1937 1936 1938 1938 1938 1938 1937 1936 1936 1935 1935 1934 1937 1940 1941 1942 1943 1945 1946 1944 1943 1942 1943 1944 1946 1948 1950 1951 1952 1952 1951 1950 1946 1942 1938 1934 1930 1926 1914 1906 1903 1885 1854 1842 1837 1830 1828 1825 1823 1819 1816 1812 1809 1809 1810 1814 1821 1830 1842 1850 1857 1869 1887 1902 1908 1911 1911 1905 1897 1896 1904 1916 1925 1931 1933 1934 1938 1942 1947 1947 1942 1931 1920 1912 
-32768 1936 1933 1932 1932 1932 1932 1931 1931 1930 1931 1933 1936 1939 1941 1939 1938 1938 1938 1938 1937 1937 1936 1935 1935 1934 1932 1932 1935 1938 1939 1939 1941 1943 1944 1944 1943 1943 1943 1944 1946 1948 1950 1951 1953 1954 1953 1950 1947 1943 1939 1935 1930 1925 1913 1904 1898 1884 1869 1852 1841 1835 1830 1827 1823 1821 1818 1814 1811 1810 1810 1812 1818 1828 1838 1847 1853 1864 1880 1897 1910 1915 1916 1912 1906 1906 1909 1917 1927 1931 1932 1934 1937 1942 1947 1949 1946 1936 1925 1917 
-32768 1939 1938 1937 1940 1939 1937 1935 1934 1935 1936 1936 1937 1939 1941 1941 1940 1941 1941 1939 1936 1935 1932 1930 1931 1931 1931 1932 1934 1935 1935 1936 1938 1939 1941 1942 1942 1943 1943 1945 1947 1949 1950 1951 1953 1955 1955 1952 1947 1944 1940 1936 1932 1926 1914 1905 1900 1892 1871 1855 1845 1838 1832 1828 1825 1821 1818 1814 1811 1810 1810 1810 1814 1822 1833 1842 1849 1854 1865 1878 1891 1902 1915 1920 1918 1917 1918 1921 1925 1928 1930 1935 1941 1947 1952 1955 1953 1943 1930 1922 
-32768 1944 1943 1943 1944 1943 1940 1937 1937 1938 1939 1938 1939 1940 1941 1941 1941 1941 1941 1939 1936 1933 1930 1928 1928 1928 1929 1931 1933 1932 1932 1933 1934 1936 1938 1940 1941 1942 1943 1945 1947 1948 1948 1949 1951 1954 1954 1951 1946 1943 1941 1937 1933 1928 1921 1912 1905 1896 1877 1858 1847 1840 1833 1827 1823 1820 1816 1812 1810 1809 1809 1811 1813 1820 1829 1837 1843 1847 1860 1872 1879 1892 1906 1917 1923 1927 1926 1925 1928 1931 1934 1940 1946 1951 1955 1957 1956 1950 1939 1929 
